100
22
9940
10
495
2149
3078
480
9897
11
2825
6383
1152
4595
9239
12
3192
8207
57
6451
7820
7996
364
9052
3
902
9477
65
137
452
29
23
9741
67
242
9909
77
806
9050
27
5
225
14
3287
9051
62
1435
8686
6020
1
9947
9
8540
9757
1000
625
9566
92
3903
8529
9607
1035
1415
3380
980
9374
58
497
3916
4167
952
9330
86
6858
8691
5020
2424
7321
24
7073
8425
52
73
268
56
5843
9442
2095
379
9583
3
615
9314
29
944
9055
80
998
9510
90
97
97
97
658
9412
49
198
9404
51
10
9909
1
4520
7490
4446
659
9962
23
4
9918
2
22
9985
6
4
9865
8
6977
9066
878
278
9160
41
789
9787
84
390
6812
9776
37
9888
24
432
4464
72
31
9989
3
7446
7754
1036
525
9116
4
209
3217
1811
617
9857
56
313
9482
68
77
9259
30
147
9656
19
34
9818
96
195
336
62
6430
6901
7689
711
9260
58
575
9126
48
29
9085
48
93
4481
2113
17
9885
5
2525
5531
9145
82
9258
27
800
9801
93
305
5865
51
23
9952
4
5698
8985
1501
339
9710
17
5876
8208
576
1
9871
7
606
9816
36
68
194
74
728
9667
14
6569
8726
5794
575
9832
70
1307
4658
678
6592
6592
6592
84
3542
9795
2769
3404
9298
484
6144
8243
6901
9863
129
311
361
70
1433
7538
2883
6
272
77
227
311
30
4280
7870
6234
872
9564
45
1513
2562
42
538
9427
37
5621
9556
442
908
9460
85
871
9893
76
4687
4753
16
118
9962
63
2507
6771
8183
265
9123
66
6022
6022
6022
