-1
-1
-1
8504
-1
-1
2925
5041
-1
7756
-1
-1
-1
6864
5060
1789
3120
-1
1993
7046
8054
-1
3018
5136
587
-1
-1
7701
2150
3833
456
-1
7413
-1
5477
9091
-1
-1
-1
9001
-1
-1
4932
3339
-1
-1
-1
7205
-1
9578
-1
-1
8787
9095
-1
9509
-1
3502
8430
6091
-1
-1
7194
-1
-1
520
8215
6449
5571
-1
-1
-1
-1
7867
-1
6467
7660
-1
847
5825
-1
7644
-1
-1
-1
-1
4172
6454
839
-1
-1
-1
-1
1356
2317
-1
-1
8792
5418
-1
-1
9211
-1
-1
7809
-1
-1
597
-1
-1
9438
-1
3778
-1
691
-1
-1
-1
1875
3061
-1
-1
-1
4884
-1
6899
9418
8106
2589
1645
-1
4348
-1
8833
-1
6744
6786
8636
2401
1418
5636
-1
3201
-1
6584
2770
8413
-1
9535
5025
-1
-1
7930
-1
6135
7208
5305
-1
9709
-1
4524
186
4669
-1
1067
-1
829
-1
9138
-1
-1
95
3559
-1
1680
3737
6402
1704
-1
-1
6195
-1
1091
5498
-1
-1
4210
5087
-1
-1
-1
-1
-1
-1
7977
2279
1137
4969
2974
-1
-1
1269
7714
-1
-1
-1
7267
7376
8444
3154
4351
167
6778
-1
8014
-1
5251
-1
6756
254
-1
1983
3279
-1
8391
-1
6619
5248
-1
9660
5229
5703
-1
9527
1296
6858
-1
-1
-1
-1
8800
-1
-1
7957
9064
4162
8731
1927
2024
7055
-1
5396
7633
-1
-1
2137
9386
5126
-1
-1
-1
-1
2888
6854
-1
7566
-1
-1
4496
-1
4702
-1
3850
6057
-1
-1
8165
-1
-1
-1
-1
9077
5635
-1
8395
-1
-1
-1
-1
7901
6971
9756
-1
6340
-1
3497
930
1507
-1
-1
1478
-1
5193
-1
-1
-1
-1
-1
-1
3686
1861
-1
3213
-1
-1
-1
1069
1148
-1
-1
-1
3724
3211
-1
109
-1
-1
7673
-1
7332
4515
7858
-1
-1
8288
-1
3739
-1
-1
3192
-1
-1
-1
-1
-1
-1
-1
2631
3661
-1
-1
-1
6788
-1
3563
-1
-1
-1
1440
-1
5680
1661
4192
2864
2611
-1
242
-1
-1
7224
2490
-1
6645
9628
660
8637
-1
3024
8186
2286
-1
9757
5032
-1
9790
687
2352
-1
-1
-1
-1
7076
5315
-1
8080
3700
-1
-1
6039
1163
-1
8259
-1
-1
-1
-1
-1
7231
2579
-1
9823
2392
1433
-1
1777
-1
-1
-1
-1
-1
9315
7966
1605
1321
2884
6147
622
-1
1437
-1
2630
6660
-1
-1
9737
-1
-1
4165
-1
6369
-1
7060
-1
7914
-1
-1
-1
7081
5774
-1
9281
4206
3765
-1
5505
-1
7593
2560
-1
-1
294
7353
-1
5657
-1
-1
2058
-1
2919
-1
5152
-1
-1
-1
2430
-1
-1
-1
-1
9005
4251
4826
-1
-1
951
-1
-1
6881
2567
5500
-1
1682
1388
-1
-1
7458
-1
-1
1398
-1
-1
-1
-1
6658
636
9973
-1
85
-1
-1
2046
-1
2978
8375
-1
-1
4630
-1
-1
9787
4776
2517
2453
-1
-1
5388
9238
-1
-1
-1
-1
-1
-1
-1
-1
-1
-1
7920
-1
-1
-1
4945
9547
-1
1120
4955
-1
-1
1934
7514
7928
-1
-1
1084
-1
-1
-1
-1
7403
7500
8617
-1
-1
5009
321
-1
-1
7956
-1
9072
9871
-1
-1
-1
6098
4443
7852
-1
2381
-1
-1
447
7110
-1
9015
1146
-1
6922
-1
-1
-1
2640
7659
-1
-1
8295
-1
-1
-1
-1
-1
3140
-1
2835
-1
-1
-1
5381
1518
-1
8708
-1
-1
-1
-1
-1
-1
-1
1591
-1
-1
-1
6604
2370
-1
6239
-1
-1
-1
5484
-1
4771
1545
-1
9496
6271
-1
6661
601
3507
-1
-1
6181
4264
6811
2271
-1
613
9807
1174
7137
-1
1325
668
4545
-1
3209
-1
-1
4748
510
-1
-1
-1
3248
6932
19
-1
-1
5469
1415
8397
-1
-1
4361
-1
-1
9379
-1
-1
494
6316
-1
9742
731
-1
-1
-1
7201
-1
-1
-1
-1
-1
-1
8220
-1
5535
8612
-1
1872
863
-1
3633
-1
9555
-1
-1
-1
-1
9290
-1
-1
-1
-1
-1
7588
1271
-1
-1
8072
703
1846
9878
8252
-1
8073
8343
4876
4007
4752
3844
5485
-1
4323
-1
-1
-1
4127
7828
4470
1774
-1
-1
-1
2474
1489
-1
2940
-1
3399
2261
-1
5374
-1
-1
1531
8345
-1
-1
-1
4281
8362
-1
-1
5729
-1
3592
4638
5312
2492
8933
-1
8992
-1
4178
1735
3658
-1
9540
5384
-1
442
-1
207
7897
3258
2705
2204
-1
4225
3904
3535
8999
-1
6190
-1
652
3858
815
8897
132
-1
1152
-1
-1
392
-1
-1
9223
9065
-1
-1
-1
5833
2108
6118
7372
9904
-1
-1
-1
8412
-1
8243
-1
-1
685
862
7151
4086
-1
6634
-1
7726
-1
-1
8748
1260
-1
-1
-1
-1
768
941
4870
-1
1853
6137
232
-1
-1
-1
-1
-1
736
-1
-1
-1
9699
4133
-1
6222
-1
1344
-1
7399
7933
5842
-1
-1
-1
1721
3306
-1
-1
7250
-1
-1
1444
6030
-1
4492
-1
4272
4809
-1
8057
8569
-1
7155
4320
6519
8842
-1
-1
-1
3289
-1
8488
9256
-1
-1
-1
8038
-1
-1
3473
-1
-1
4451
-1
-1
6128
-1
8949
8036
-1
1684
7778
9542
-1
1988
1488
3893
3813
-1
6172
8502
-1
5923
8688
2802
5308
1668
7784
5707
-1
-1
5387
-1
5751
4883
-1
2482
-1
8590
805
-1
-1
7929
-1
-1
-1
-1
8392
-1
1810
-1
-1
-1
-1
8491
-1
7417
5860
6846
5244
7171
-1
-1
-1
855
-1
-1
-1
-1
7984
1012
-1
-1
6339
7608
105
5167
-1
-1
1428
-1
1541
1378
4502
4550
-1
-1
8255
3953
-1
-1
-1
8935
6498
-1
5864
-1
4448
1050
4835
-1
3551
-1
-1
-1
3125
-1
-1
1401
-1
9317
-1
4898
9299
-1
3713
-1
-1
4683
2933
8099
-1
-1
-1
5272
-1
2470
-1
8822
3785
3895
7040
-1
-1
3992
-1
5885
-1
20
-1
6445
-1
2585
8676
1681
-1
-1
1558
-1
-1
3010
-1
9817
-1
5750
4687
6106
8487
702
5220
7265
-1
-1
-1
-1
3804
-1
-1
2950
-1
-1
-1
-1
-1
-1
7856
-1
4784
-1
6648
3234
5900
-1
6579
-1
-1
-1
786
2689
9853
6687
-1
4270
-1
6963
-1
-1
-1
-1
-1
4595
7217
-1
6194
-1
-1
-1
-1
-1
751
5006
8404
7689
-1
5409
3797
-1
-1
1526
3643
-1
-1
5891
6693
900
7400
4701
8425
4472
1056
4642
-1
-1
7209
8965
-1
-1
603
-1
-1
-1
5646
3227
-1
6293
-1
3606
-1
8810
1000
-1
-1
722
-1
-1
-1
-1
9877
6477
1847
5086
-1
7768
9975
5846
7985
2228
-1
-1
4625
-1
2064
-1
-1
-1
-1
-1
-1
196
1006
-1
-1
3732
6947
5013
7455
-1
-1
9450
-1
-1
-1
-1
-1
-1
2609
-1
-1
8728
462
-1
1498
-1
-1
8124
9754
-1
-1
-1
6787
-1
-1
3763
8136
1305
-1
9632
-1
-1
-1
-1
-1
4450
-1
-1
2956
-1
-1
6691
-1
7829
4237
846
-1
-1
4521
-1
-1
9068
-1
-1
6146
-1
218
-1
-1
-1
-1
8849
2187
970
3144
-1
-1
7079
-1
-1
-1
-1
-1
1096
8948
-1
-1
405
4794
9587
6802
8338
2512
8242
-1
5591
-1
-1
-1
-1
5998
-1
5668
1339
-1
3756
-1
-1
-1
-1
684
-1
-1
-1
6589
8429
4094
3978
4051
9880
-1
8859
9269
507
4386
-1
-1
-1
8905
-1
-1
-1
5927
-1
7993
7558
-1
7037
-1
6887
-1
-1
7302
-1
2881
-1
2085
4905
-1
-1
-1
2101
-1
-1
2054
-1
-1
-1
-1
693
3471
-1
-1
8740
7643
-1
4554
-1
-1
-1
-1
-1
5640
9325
-1
-1
-1
1222
1083
-1
974
8264
-1
9827
4315
-1
-1
5613
6621
-1
-1
9983
-1
-1
-1
-1
-1
-1
8205
4474
1275
5491
-1
-1
-1
4774
-1
7431
-1
3159
1468
-1
-1
9519
1829
5767
-1
-1
-1
-1
-1
-1
-1
192
563
269
-1
-1
-1
-1
2992
1689
5880
-1
-1
6258
-1
-1
3048
3773
-1
256
-1
5104
-1
7848
1549
5180
3205
-1
-1
8210
-1
-1
-1
3975
-1
-1
8983
6321
5115
9664
-1
-1
1746
3818
-1
-1
-1
-1
6341
2676
-1
2741
-1
1075
4718
-1
3469
-1
4994
1482
8203
8578
4204
9308
-1
-1
6675
8878
1712
-1
-1
505
7544
8941
9014
4651
5386
9185
-1
6851
-1
-1
5720
-1
7429
4896
6048
1365
-1
6595
4532
-1
8703
-1
5608
8152
-1
2193
5457
-1
-1
5793
8111
3156
-1
4191
-1
2498
3723
-1
-1
8744
5512
9328
-1
4997
-1
-1
5670
-1
-1
-1
-1
1546
2125
1716
6133
-1
-1
-1
4145
-1
-1
-1
629
272
-1
4043
8970
3250
4904
-1
-1
451
-1
-1
-1
6053
866
-1
-1
-1
1021
-1
-1
-1
1644
-1
7163
4072
-1
-1
2801
8510
4056
4996
-1
-1
-1
-1
2089
-1
-1
-1
667
-1
-1
8925
3780
-1
-1
6328
-1
-1
5130
-1
155
9184
4244
-1
-1
1172
-1
7942
4575
4650
4278
3097
-1
-1
-1
4115
-1
-1
2004
-1
-1
-1
-1
-1
3823
-1
-1
1496
-1
-1
-1
9608
3292
7294
-1
-1
7749
1425
1918
-1
-1
5638
7503
-1
-1
-1
34
-1
-1
-1
4655
2195
2398
9314
-1
2292
7493
-1
7704
-1
-1
-1
-1
8907
-1
429
-1
8633
-1
-1
-1
8783
5440
-1
723
1306
4277
-1
-1
6842
-1
5489
898
305
3680
8568
9463
-1
8307
2853
-1
-1
-1
6235
8078
8602
-1
9432
5173
-1
1958
-1
3611
9058
3951
-1
821
2432
-1
-1
-1
-1
2656
6865
-1
-1
-1
4838
5096
5580
-1
-1
9818
1447
1464
5906
2276
3477
-1
295
-1
-1
6653
-1
486
6312
3073
-1
987
-1
9365
5786
9233
4078
888
-1
9705
-1
-1
3130
1547
7484
-1
4678
740
-1
7780
-1
5432
8727
4846
-1
1883
8710
8342
-1
-1
3443
4674
1901
-1
7199
4897
2124
3038
9382
8120
9697
-1
-1
4489
1597
27
4885
2439
-1
6499
6515
5888
-1
-1
-1
110
1646
2344
3759
-1
4034
-1
1299
2846
2238
-1
-1
1029
-1
-1
-1
-1
-1
-1
6398
-1
4598
-1
4002
6179
3025
-1
1141
811
-1
-1
6043
-1
-1
8098
5064
4105
9347
-1
4170
211
-1
-1
6305
-1
-1
-1
3400
2273
-1
2097
8711
3760
9338
-1
5450
2269
1551
9889
-1
-1
-1
-1
-1
-1
3619
-1
-1
1441
8085
-1
7095
-1
9375
-1
7759
-1
6795
9722
1643
1715
7138
3365
1962
-1
-1
-1
8893
6640
-1
-1
-1
1261
9725
205
-1
-1
-1
3179
2311
-1
7308
-1
519
3939
8666
1801
-1
3541
-1
-1
-1
-1
-1
1889
2354
5411
1836
3438
-1
-1
-1
-1
9316
-1
9568
-1
-1
4694
2481
-1
-1
-1
-1
-1
9208
416
-1
-1
3688
5355
-1
-1
5420
3940
4869
-1
3257
-1
-1
-1
9586
9363
-1
-1
4331
-1
-1
-1
8469
3979
-1
-1
-1
-1
7225
-1
-1
-1
-1
5250
4917
8795
-1
-1
-1
-1
1316
1461
-1
-1
-1
-1
5756
-1
-1
5874
-1
5684
4013
-1
1928
2443
-1
-1
7801
-1
-1
-1
-1
-1
-1
6436
-1
3776
3374
3476
-1
-1
2968
7762
6711
3523
-1
-1
-1
-1
6151
1505
5163
-1
-1
7645
-1
853
8075
7186
-1
-1
-1
-1
5986
-1
5458
-1
474
-1
9412
7026
4872
2715
-1
-1
-1
6149
-1
-1
-1
7202
-1
-1
-1
4893
-1
-1
7513
-1
-1
-1
6206
6307
6553
1582
8664
1095
-1
-1
-1
-1
4369
3946
7246
7152
-1
9912
-1
889
9503
6443
-1
8087
-1
-1
-1
8499
8722
1674
55
9307
1909
4124
8862
3626
-1
-1
5455
-1
-1
460
7520
6674
7546
-1
-1
-1
-1
2979
-1
7907
-1
6378
5379
6278
1127
-1
1619
-1
-1
6921
-1
-1
785
-1
-1
9098
4024
-1
6813
-1
-1
4297
7177
3085
-1
9581
3616
-1
-1
397
1164
9561
2045
8417
-1
6035
-1
2806
-1
8201
-1
2323
3707
4433
7412
-1
7665
1290
561
-1
-1
-1
550
7096
84
9305
8628
4672
5597
-1
4235
-1
-1
-1
3703
2738
-1
-1
7386
122
-1
-1
-1
1203
-1
1578
-1
-1
7740
-1
-1
3981
-1
9637
647
4139
-1
-1
-1
-1
7793
4081
-1
676
5453
5784
-1
7380
-1
2448
-1
5996
8812
-1
3424
-1
-1
-1
3047
-1
5550
-1
-1
-1
-1
-1
3970
5238
-1
-1
3444
-1
-1
-1
440
4873
648
-1
2022
-1
2043
-1
-1
-1
4573
-1
-1
-1
4751
8779
3753
-1
-1
-1
-1
-1
-1
5327
6122
9231
1911
6779
-1
2879
9061
301
4132
-1
-1
5755
-1
-1
-1
-1
4913
-1
-1
4284
-1
-1
6225
-1
-1
-1
3092
-1
3682
-1
6606
4449
-1
-1
9945
5212
2235
1501
7052
1474
-1
-1
6761
2476
358
-1
6898
2970
-1
-1
1823
7937
9819
-1
-1
-1
9104
-1
-1
5069
7842
-1
6970
8009
4058
-1
4943
-1
5341
-1
2657
-1
-1
7671
4114
-1
-1
8325
-1
-1
7314
3396
6803
-1
-1
-1
8450
-1
-1
-1
-1
-1
3867
9495
-1
-1
-1
-1
6359
202
4427
-1
7519
-1
-1
-1
-1
9580
6611
-1
435
-1
5735
161
7925
-1
-1
-1
-1
6292
3769
4247
9711
9909
-1
-1
1524
9079
3320
-1
6144
4211
-1
-1
-1
-1
1821
724
9033
-1
4125
-1
-1
1512
4707
-1
-1
-1
-1
-1
-1
2147
5218
8630
4571
-1
-1
2613
-1
2399
-1
6361
-1
-1
4923
-1
-1
-1
-1
-1
-1
6618
9662
5100
-1
3271
-1
300
-1
5709
4116
-1
-1
4062
2747
-1
-1
8093
4608
35
-1
-1
-1
-1
9229
-1
9854
5026
2488
1922
-1
-1
6365
7036
-1
7105
-1
-1
947
7869
2844
3308
-1
1448
2425
-1
8705
-1
-1
9309
135
-1
-1
-1
-1
7350
9806
1409
5067
9372
-1
9931
-1
-1
5211
1952
-1
-1
4020
3846
-1
-1
3861
-1
6737
79
-1
9724
-1
8337
-1
6165
-1
-1
8039
2673
-1
-1
-1
-1
8434
9522
8732
8017
-1
-1
3983
-1
6530
3515
-1
-1
2837
-1
224
663
5859
3530
179
-1
9841
1491
9721
3527
-1
-1
6081
-1
1047
2792
-1
2084
-1
6781
9794
5924
-1
-1
6683
-1
9254
-1
-1
-1
4295
-1
-1
4445
1026
-1
-1
-1
-1
-1
-1
317
204
-1
8563
5407
-1
1109
3284
5461
-1
4469
3647
-1
2618
8801
-1
-1
-1
-1
9980
4576
-1
-1
6296
7383
8373
2466
-1
-1
3215
-1
-1
-1
228
9407
-1
-1
-1
-1
-1
5841
3119
8900
7446
7505
-1
7927
1151
-1
-1
9334
-1
-1
-1
3934
-1
-1
2139
9430
-1
2293
9976
-1
347
7881
5949
-1
-1
-1
-1
-1
-1
540
-1
-1
5111
-1
8101
8715
3252
-1
2500
-1
7947
-1
9215
-1
-1
-1
-1
-1
-1
-1
8746
206
-1
9076
-1
-1
646
2866
-1
1335
1871
1455
1590
-1
9518
9728
-1
7384
1435
7321
4813
-1
-1
755
-1
-1
-1
-1
9145
4967
4849
4207
-1
5029
-1
-1
757
-1
1341
1982
4577
8969
-1
-1
-1
1856
-1
5694
491
1153
3572
4599
-1
-1
-1
918
2475
3390
5595
-1
-1
2350
-1
-1
-1
-1
-1
-1
-1
3011
4553
1277
-1
-1
-1
-1
-1
-1
-1
1027
-1
-1
4275
774
9202
1752
4631
-1
-1
-1
-1
5392
4858
-1
9370
-1
5908
8824
-1
9425
5148
-1
-1
-1
-1
-1
9301
7876
-1
-1
-1
-1
4005
791
1465
-1
-1
3231
-1
4960
-1
-1
9183
-1
1161
-1
-1
-1
-1
7118
9106
-1
-1
9899
-1
-1
9228
6650
-1
-1
-1
4280
-1
9765
-1
8765
-1
3150
8788
9421
4999
2841
5140
-1
4941
3790
3174
-1
4666
7367
-1
-1
-1
-1
-1
-1
-1
-1
3338
-1
-1
-1
3398
6904
450
-1
-1
-1
-1
-1
8799
7067
83
4400
2569
5984
284
5902
2365
618
4434
-1
-1
5685
-1
-1
4305
-1
-1
7846
1071
9000
-1
8879
181
3362
6083
-1
-1
-1
-1
-1
3891
-1
-1
-1
-1
7447
2297
-1
-1
174
-1
-1
-1
6876
1493
-1
-1
271
-1
-1
3122
9140
1088
-1
-1
6092
-1
-1
8388
8860
-1
-1
3806
2825
-1
1364
7549
6246
6873
3214
3283
-1
-1
-1
5566
8077
-1
4639
4861
3050
-1
-1
928
8105
-1
-1
-1
-1
-1
9517
6859
-1
-1
99
-1
-1
-1
9151
-1
-1
1060
-1
5990
612
3640
4664
-1
-1
2499
-1
978
-1
-1
-1
7789
-1
4093
8386
6893
2855
4023
9778
7414
556
5948
9322
7596
9226
5080
8895
6819
5137
-1
-1
-1
8123
-1
1884
6119
-1
-1
8620
2436
4877
2878
9141
-1
9873
-1
1940
-1
-1
2798
-1
-1
5655
7319
2416
3315
7056
6289
5022
4491
-1
-1
744
4670
1273
-1
-1
-1
3669
-1
-1
-1
-1
-1
5103
-1
-1
-1
8521
820
7006
-1
3641
2256
-1
-1
-1
8143
1893
-1
1263
-1
4381
1102
-1
-1
-1
3197
5255
5894
-1
-1
3166
-1
-1
6209
7537
-1
-1
-1
5456
3187
6450
-1
9181
6933
995
-1
-1
-1
-1
-1
3577
-1
3184
5016
904
-1
4143
-1
-1
-1
-1
6541
5058
-1
5206
2953
-1
-1
-1
-1
-1
7919
8409
7668
9459
3597
8577
5185
7934
-1
7360
-1
-1
3878
4015
3412
-1
-1
-1
8660
-1
-1
-1
4360
-1
7441
4557
6558
-1
-1
-1
-1
8183
398
-1
8597
-1
6848
639
-1
-1
-1
-1
9801
-1
-1
-1
3391
5570
8677
-1
-1
1352
2320
-1
2740
-1
3451
6983
9972
-1
-1
-1
2037
4682
1965
5321
-1
-1
-1
5869
8848
9935
-1
-1
-1
822
7260
-1
3701
-1
-1
-1
-1
8065
2788
350
4321
875
-1
-1
2407
-1
-1
6757
-1
9271
-1
7281
787
-1
-1
-1
7030
2339
150
5367
-1
-1
5196
-1
-1
-1
5664
-1
8724
-1
7306
7827
-1
4501
-1
-1
-1
6067
-1
-1
-1
4596
-1
149
-1
-1
5660
773
7024
-1
9876
6914
283
-1
3991
7173
-1
8759
9257
-1
-1
-1
-1
9440
8418
547
8836
6182
7293
7008
2962
3318
818
973
225
5223
848
-1
-1
9698
856
867
4668
-1
-1
5956
-1
-1
2287
-1
-1
4891
7553
-1
-1
-1
-1
-1
-1
-1
-1
5249
-1
-1
512
9356
-1
-1
9908
296
996
3913
7474
8684
9761
-1
1562
-1
-1
9748
1813
8793
-1
6635
9174
5931
-1
3236
-1
5688
-1
-1
1935
2805
-1
2251
72
-1
3520
-1
9453
2146
-1
6599
-1
-1
-1
-1
2832
-1
-1
896
7387
-1
-1
1486
7010
-1
-1
-1
1342
-1
5372
4041
5930
-1
8720
-1
2478
125
-1
-1
-1
1990
-1
-1
-1
-1
-1
-1
2000
5296
6105
-1
-1
-1
9111
-1
1264
8978
-1
8369
-1
-1
9341
2900
3972
-1
-1
3866
6056
-1
8667
-1
6447
5328
-1
492
221
-1
-1
-1
6068
8311
-1
8777
7803
-1
-1
-1
8815
5233
-1
-1
8818
-1
-1
-1
6837
-1
-1
-1
5264
-1
-1
7328
3379
7393
-1
9627
-1
3757
-1
-1
-1
-1
1559
8816
-1
-1
4287
-1
-1
4615
-1
1530
6372
-1
6234
8579
4118
-1
6815
5110
7256
7307
-1
-1
-1
-1
176
-1
9630
1560
9611
-1
9060
7274
-1
9020
4186
5618
-1
-1
-1
-1
8984
8223
172
-1
4806
-1
-1
6129
-1
3106
-1
4019
-1
-1
-1
3735
1761
3387
-1
-1
4922
-1
-1
-1
-1
3740
-1
6628
-1
-1
-1
4129
3366
6311
1078
5734
-1
9872
-1
3919
8736
4508
-1
8813
-1
7015
9090
-1
-1
-1
-1
7182
-1
-1
160
6936
-1
989
6812
-1
2748
-1
8405
9018
-1
8012
-1
-1
59
9420
5647
-1
-1
1852
-1
8456
-1
545
7752
-1
-1
3752
2160
-1
-1
7159
6193
6822
7188
2533
2112
-1
-1
-1
-1
-1
-1
-1
-1
-1
-1
8939
-1
4853
-1
6740
-1
4265
-1
-1
1930
-1
7586
630
6041
677
-1
9170
5845
374
6565
97
890
6317
-1
9915
1413
6124
-1
-1
6552
2334
-1
-1
351
804
-1
-1
3028
1228
9563
-1
-1
-1
1215
4468
-1
-1
9740
6176
2784
9601
-1
-1
-1
-1
2380
7818
-1
-1
-1
-1
-1
8299
-1
-1
8228
5028
4709
6241
4436
-1
5981
-1
-1
-1
1287
4302
8554
-1
4137
1366
7167
5038
-1
1793
-1
-1
118
-1
-1
-1
8212
-1
3651
5974
-1
6671
7604
5373
8560
4566
9998
1328
7358
-1
-1
-1
6612
7837
-1
-1
-1
7591
7866
9673
-1
-1
5725
2259
-1
-1
-1
-1
-1
8678
3923
-1
8646
7121
1825
-1
6692
4318
-1
-1
7335
7968
-1
749
-1
-1
1256
1150
9799
-1
-1
-1
1143
-1
-1
7133
-1
5256
-1
-1
7343
-1
8272
9019
-1
9389
-1
7107
3868
-1
3817
-1
9966
-1
-1
4812
9717
-1
-1
6678
-1
7775
-1
-1
-1
-1
1370
8318
2176
-1
6976
5290
-1
8566
-1
-1
5120
7798
11
-1
8576
-1
-1
-1
-1
8574
7664
-1
5143
4039
-1
6207
320
6959
7989
5404
-1
2006
9086
6473
-1
-1
-1
6050
-1
3344
5711
6490
-1
921
-1
2373
8372
5362
2545
-1
2462
1254
-1
-1
5542
-1
3736
9995
6403
-1
5089
2730
-1
-1
935
-1
4462
6510
500
-1
-1
4944
-1
1278
3267
-1
8309
4014
6014
-1
-1
3136
-1
1953
-1
7781
-1
-1
-1
-1
5628
-1
-1
9280
1744
6629
-1
1052
8553
-1
-1
-1
-1
5186
-1
-1
9310
-1
5247
-1
5225
1011
5361
2936
-1
6353
-1
-1
5560
3491
1630
-1
-1
-1
-1
3514
-1
-1
5005
2012
-1
-1
2330
419
-1
-1
-1
-1
-1
-1
1819
9147
2529
-1
9938
627
8881
7669
-1
9139
-1
7054
-1
3146
2760
-1
7014
1314
2734
-1
-1
7098
4203
-1
-1
6031
-1
2306
-1
8194
-1
8376
6
777
-1
6516
8133
243
-1
-1
1013
-1
5434
3004
-1
2508
-1
5451
-1
-1
4593
1304
-1
3406
4901
-1
2683
6874
1466
-1
-1
532
-1
9294
-1
287
1878
-1
9622
-1
-1
-1
-1
1353
-1
-1
7595
-1
8649
3036
-1
-1
5278
-1
-1
-1
5763
-1
-1
-1
9204
6325
-1
-1
-1
-1
8996
5313
-1
8663
2895
-1
9217
4900
-1
-1
3243
9795
-1
4781
-1
3079
7463
-1
8989
-1
-1
-1
-1
-1
4543
3857
2724
5114
4144
8531
-1
9376
7424
7527
694
-1
8608
4947
7954
-1
-1
2065
3568
-1
6257
6954
-1
1192
-1
2384
-1
5585
-1
9144
-1
1117
5168
-1
9861
-1
-1
-1
-1
4895
-1
-1
824
-1
3465
-1
9541
-1
713
533
3510
-1
6827
1010
-1
513
-1
193
-1
1933
737
3114
5658
-1
4503
-1
-1
6099
-1
-1
2659
1970
598
3974
-1
-1
7322
376
9671
-1
6066
9906
7018
7161
-1
-1
-1
390
1066
-1
-1
9318
-1
-1
-1
-1
9821
8275
7590
7833
-1
7683
-1
9651
-1
-1
3792
3553
-1
9759
8142
-1
-1
-1
-1
9346
-1
4637
7323
4795
3165
-1
-1
-1
7262
7273
9845
2371
-1
-1
-1
-1
3788
9918
9595
2143
-1
-1
6238
-1
326
-1
5133
1193
-1
8176
-1
-1
-1
6331
6734
6101
1554
2093
2221
7278
5766
-1
3834
7532
-1
-1
9474
7844
-1
6453
-1
5174
-1
4112
-1
7978
-1
8162
-1
7325
6240
-1
2665
9796
1368
-1
2337
4482
3999
-1
-1
1693
6459
9321
4135
1782
-1
5579
-1
2473
7433
1794
7967
8934
-1
3655
-1
2786
6094
-1
-1
-1
-1
-1
-1
-1
-1
7019
-1
6818
-1
-1
-1
4935
4889
-1
-1
1417
4888
-1
9986
4076
-1
9057
1188
-1
-1
-1
4750
5687
5043
9691
3327
-1
4352
-1
-1
-1
-1
5430
-1
-1
571
3351
-1
-1
4892
-1
8865
-1
4411
3501
-1
-1
6912
3385
5701
-1
65
-1
-1
-1
-1
400
-1
732
-1
-1
-1
5401
-1
-1
7394
2031
-1
6502
-1
4546
-1
-1
-1
-1
-1
798
-1
-1
8366
4715
-1
7061
1879
-1
5106
4624
-1
-1
5907
-1
-1
1624
-1
-1
-1
9049
9286
-1
36
8056
-1
3945
-1
-1
1416
2332
-1
-1
-1
1140
7233
1170
2876
-1
1620
-1
4091
-1
-1
1016
3802
929
3565
922
-1
1832
6054
-1
2742
8539
257
2376
8415
2921
-1
-1
-1
3067
-1
-1
9167
6543
8956
-1
-1
-1
2267
-1
8518
-1
-1
5916
1103
-1
-1
4629
-1
-1
-1
4279
2198
6990
175
-1
-1
9832
983
-1
-1
-1
-1
6706
-1
2857
6753
3631
2886
-1
5539
8661
-1
-1
-1
3947
661
5702
-1
-1
7652
-1
6514
-1
3581
1967
-1
-1
-1
-1
7475
7227
-1
-1
-1
9287
-1
2216
-1
-1
4868
-1
9543
2641
2189
5847
-1
2761
-1
2845
7807
-1
8471
-1
-1
-1
-1
-1
-1
146
9914
6638
-1
3422
-1
8901
-1
-1
6821
-1
-1
6853
5877
1285
-1
-1
8125
-1
-1
-1
-1
-1
771
-1
-1
2969
8947
988
2873
1214
1611
6920
357
3457
1973
6926
3160
-1
8926
-1
2911
-1
4036
-1
-1
-1
5271
1125
-1
-1
3625
-1
9573
616
-1
-1
1556
-1
4221
-1
-1
753
-1
2414
-1
-1
7732
-1
1747
1592
-1
-1
-1
-1
-1
8517
-1
-1
-1
7397
-1
993
1913
-1
-1
-1
2932
7850
-1
-1
-1
-1
9203
9501
5358
9336
-1
-1
5320
-1
5091
-1
758
24
3578
-1
-1
7581
-1
-1
-1
-1
-1
3246
-1
90
8197
4987
-1
5706
2113
1408
1583
-1
-1
4886
1904
1019
4688
-1
5935
-1
-1
-1
9684
-1
3275
2771
7885
-1
278
7480
4739
6191
-1
-1
1658
-1
6535
712
3171
7779
4243
-1
-1
2258
-1
710
-1
9177
424
-1
-1
5208
2755
4027
2369
-1
3431
-1
4042
3628
-1
-1
-1
-1
5221
9161
-1
-1
1679
1632
-1
4946
6237
-1
1404
-1
-1
3086
-1
-1
-1
5645
5982
8551
611
6924
6016
2069
892
523
-1
4906
-1
9117
-1
-1
235
-1
1438
-1
2624
8757
4958
7087
1089
-1
1743
6343
-1
-1
6130
-1
-1
4201
-1
-1
-1
-1
-1
-1
797
6685
1654
-1
5526
-1
-1
3901
-1
-1
9016
1041
497
3493
-1
4306
-1
4357
-1
-1
8846
-1
4787
-1
887
76
2123
-1
1286
2593
370
-1
8494
-1
8940
7085
5487
-1
-1
7086
4053
-1
-1
8096
2812
-1
-1
-1
1387
-1
1274
2178
-1
-1
6152
-1
1809
842
-1
5811
9820
8296
-1
-1
-1
-1
-1
2954
3902
3922
-1
-1
5697
4234
2872
-1
-1
-1
-1
-1
4159
-1
-1
6523
-1
-1
2422
-1
6180
-1
4214
1123
-1
-1
1634
-1
194
664
1998
-1
-1
-1
-1
5592
-1
3692
735
596
8950
1097
-1
-1
2197
-1
-1
-1
-1
-1
6623
8190
7184
-1
3795
-1
9476
-1
-1
-1
-1
-1
9234
7330
-1
5827
5282
-1
8140
-1
7189
9558
1850
-1
9847
3449
4919
-1
6512
-1
1608
4572
5237
2417
-1
4720
3781
-1
-1
9566
-1
688
6028
4745
-1
-1
6462
8339
-1
-1
6373
-1
-1
8733
-1
6089
337
8393
5099
-1
-1
-1
4108
7598
-1
-1
-1
-1
-1
-1
-1
-1
-1
-1
4584
7101
-1
-1
-1
-1
2767
-1
7492
1385
7783
1272
-1
580
-1
-1
8306
6703
-1
4734
9011
6026
8025
-1
-1
8158
4365
-1
4956
-1
-1
290
100
-1
-1
-1
8301
5926
-1
6607
-1
-1
560
2588
-1
-1
1685
-1
-1
-1
8435
5439
5309
911
-1
6086
-1
4071
5435
-1
-1
1540
9444
739
1650
9312
4337
-1
-1
1292
-1
-1
5871
1463
-1
7091
5085
6707
7721
5858
7882
-1
4757
-1
6566
-1
-1
1792
4167
-1
-1
-1
-1
-1
-1
7711
-1
8595
7700
4457
-1
-1
7491
2255
5669
3749
-1
-1
-1
-1
9948
-1
4977
3381
9623
3427
-1
3401
-1
-1
3695
1898
4536
9275
5508
9907
-1
-1
-1
-1
-1
-1
5138
6964
767
-1
-1
-1
9491
1340
1775
6521
858
-1
-1
775
-1
4801
5861
2626
-1
5559
-1
-1
-1
2627
-1
-1
6220
-1
5333
3642
-1
4558
-1
336
-1
-1
7964
-1
9958
5277
-1
-1
-1
-1
-1
642
1451
2602
-1
1573
-1
6201
7988
5438
9380
-1
-1
6409
6198
6337
8598
-1
-1
9108
7564
-1
-1
-1
7039
-1
9971
4045
-1
-1
-1
-1
4820
1655
-1
-1
8622
-1
-1
-1
-1
701
-1
-1
-1
-1
730
6406
-1
-1
3540
926
2570
1830
-1
1739
2889
-1
5472
3962
6985
8066
2651
-1
-1
-1
5329
9718
2435
16
8767
-1
-1
6715
6434
1171
-1
9785
-1
5335
-1
-1
-1
-1
-1
4857
6884
8600
5819
-1
5633
-1
4138
-1
-1
7682
-1
9879
-1
-1
3799
-1
-1
-1
6310
9681
2658
3206
2363
3646
-1
4026
-1
-1
8855
9025
-1
2109
-1
6901
-1
4428
-1
-1
6380
6040
-1
-1
7973
-1
-1
-1
6644
6197
-1
2220
8257
4375
-1
-1
4834
-1
7991
6977
610
2190
-1
7908
3877
6150
-1
-1
-1
7641
2519
7377
-1
7089
-1
5215
-1
9044
3262
3006
9533
-1
5761
1053
-1
-1
8752
4435
-1
-1
3684
-1
6248
-1
3596
6917
2580
2280
-1
6585
-1
-1
5731
-1
9264
-1
9443
-1
3202
3909
-1
-1
7609
-1
8931
-1
1822
334
-1
-1
-1
4049
-1
8522
-1
5337
-1
3094
-1
4106
104
-1
3021
5245
8781
-1
9575
-1
-1
385
138
-1
-1
-1
-1
-1
-1
7887
-1
7577
-1
-1
2412
-1
-1
7874
5497
-1
1678
-1
-1
-1
-1
6580
3851
-1
-1
4313
5558
4126
9674
-1
-1
-1
2157
-1
9094
-1
6441
-1
-1
-1
-1
1575
1319
3856
-1
7436
-1
-1
2894
-1
-1
3155
-1
6132
5268
-1
2245
3671
9313
7647
3076
-1
9333
-1
6608
-1
5830
6862
1699
-1
-1
-1
-1
2396
6679
-1
-1
-1
7409
569
5630
-1
2154
7515
4100
3104
-1
6937
387
-1
-1
2400
-1
844
-1
5319
2781
-1
-1
9640
-1
-1
-1
3188
6506
6274
-1
4517
-1
-1
1094
5010
8921
5545
-1
-1
543
7364
3791
-1
-1
8714
555
-1
-1
7272
-1
-1
8532
-1
7253
7794
-1
7534
-1
-1
-1
-1
8370
8699
-1
-1
-1
2826
-1
-1
9484
-1
-1
9663
7296
-1
2664
-1
607
9846
-1
-1
-1
3062
8155
5932
-1
-1
-1
-1
-1
3809
-1
-1
9961
-1
4881
8694
3564
-1
-1
-1
-1
2581
3933
-1
4075
-1
5530
-1
-1
-1
-1
166
-1
-1
2634
1979
-1
6794
-1
-1
3571
-1
4643
-1
3311
-1
5940
-1
1892
7288
3545
9731
-1
-1
-1
-1
7245
1057
6551
-1
2540
-1
-1
9002
595
5785
-1
9500
4797
-1
1903
-1
3105
6046
-1
-1
-1
7873
8445
7870
4483
945
-1
3458
5540
6218
9702
-1
-1
9707
-1
4304
-1
9362
-1
6542
-1
-1
5912
-1
3239
5124
4949
7693
8546
8403
1329
7580
8068
244
3264
4011
-1
-1
-1
7912
6972
-1
-1
-1
9523
-1
-1
1664
8023
-1
-1
-1
-1
3786
5802
4800
7183
-1
-1
-1
-1
234
-1
-1
1239
-1
4050
-1
-1
-1
-1
-1
-1
-1
1107
-1
6358
-1
9258
-1
-1
7339
8313
-1
-1
3111
-1
-1
5610
-1
-1
-1
1614
7733
7785
2088
-1
-1
3168
5436
8716
-1
5934
906
1778
-1
-1
-1
-1
-1
8932
-1
7615
-1
-1
1173
-1
6791
-1
9896
-1
-1
-1
808
8594
-1
754
6020
-1
-1
2274
2172
4101
8317
6949
8331
-1
-1
8104
1400
2464
-1
2467
4109
-1
-1
529
9209
4153
8355
5131
6018
253
9952
-1
4574
3272
-1
-1
7616
-1
-1
-1
-1
7560
-1
7157
1791
-1
-1
3313
5712
795
-1
-1
-1
-1
9940
7614
-1
1947
7083
6302
-1
-1
620
-1
23
2151
4792
-1
9251
8449
8772
5947
-1
3009
-1
6044
2206
4588
1439
-1
-1
-1
-1
-1
5547
6641
-1
-1
9268
6446
-1
3460
-1
-1
-1
-1
-1
-1
-1
-1
8148
-1
2816
-1
-1
-1
6946
1386
8802
-1
-1
5182
-1
6329
-1
700
1446
796
594
7465
5243
4729
199
-1
1781
-1
-1
2719
9974
2708
-1
-1
-1
6915
-1
-1
209
1411
-1
-1
5978
157
3654
-1
9655
7282
-1
-1
8359
-1
-1
-1
5336
-1
-1
4586
-1
-1
-1
1980
-1
-1
2185
4299
851
-1
5643
-1
5145
-1
-1
-1
7070
-1
-1
-1
-1
8177
2021
3321
-1
6161
5399
4420
8031
22
7743
-1
7969
4992
6236
-1
-1
-1
-1
-1
6930
378
8751
-1
2898
-1
9368
8639
6652
3169
-1
-1
-1
5776
6720
-1
-1
38
355
-1
-1
-1
-1
-1
1479
7407
-1
-1
-1
-1
-1
1533
-1
-1
-1
4392
7796
-1
9652
9499
499
-1
2799
9638
2666
551
-1
9649
-1
-1
6961
-1
2839
-1
-1
-1
-1
9159
-1
3966
6992
316
6421
-1
-1
-1
8493
9781
-1
-1
-1
-1
-1
-1
-1
-1
-1
6545
1350
6839
9775
-1
-1
-1
2447
6600
7268
-1
-1
-1
2897
5230
-1
4150
-1
-1
-1
-1
213
-1
6029
-1
6426
5093
-1
5738
1882
-1
-1
9031
7073
-1
3880
2013
5565
-1
7109
-1
1544
-1
-1
1431
-1
-1
-1
-1
4823
4252
6989
9121
-1
3186
-1
308
3506
-1
-1
-1
766
-1
6252
-1
-1
6210
-1
9404
4111
5903
7678
-1
-1
6561
-1
7524
-1
-1
9843
-1
-1
-1
-1
-1
-1
-1
9103
-1
1028
-1
-1
7890
3997
52
9654
4578
-1
2995
3676
-1
841
-1
1309
-1
-1
7379
-1
-1
9642
7941
6849
-1
9774
-1
-1
1396
-1
9127
7805
-1
-1
-1
-1
-1
2483
-1
1295
5700
5779
-1
-1
-1
-1
-1
-1
-1
1379
75
9946
-1
2848
5748
-1
9259
8341
-1
9574
-1
2981
-1
-1
9392
7432
-1
-1
-1
-1
6665
7974
-1
1900
-1
-1
4276
-1
7049
2072
-1
-1
5576
3000
-1
77
4824
372
-1
1114
-1
-1
7222
1073
-1
7903
-1
4634
-1
7629
7684
-1
-1
-1
3043
-1
7277
-1
-1
-1
-1
1599
6071
-1
-1
-1
6232
-1
-1
-1
3590
4085
325
7419
1796
8460
-1
-1
-1
-1
5129
9374
-1
6789
-1
9255
-1
2294
121
124
6758
-1
5090
-1
-1
-1
-1
3334
-1
8686
-1
7767
-1
-1
-1
1706
5177
-1
9244
2636
3965
8112
7680
-1
1907
6587
-1
-1
-1
1322
8016
7487
-1
8135
7459
3715
-1
8232
-1
-1
859
7953
3229
4659
2429
5749
8029
8864
-1
3706
-1
-1
310
-1
-1
5433
9241
4347
-1
1393
-1
9206
1343
-1
2737
3127
2710
5153
2543
-1
5835
5169
849
6363
-1
-1
8723
7017
3842
-1
-1
-1
8327
-1
659
-1
-1
-1
-1
-1
9055
5617
1485
9792
-1
-1
6082
9191
-1
9107
-1
-1
-1
2525
1767
4908
-1
-1
1284
-1
-1
-1
4479
5809
5881
-1
-1
9192
-1
-1
3069
4341
-1
-1
-1
-1
6701
-1
869
-1
-1
-1
2907
-1
488
3293
2556
187
-1
3906
-1
-1
1196
-1
1765
7636
6681
3801
6941
1257
2577
-1
-1
3649
-1
9270
5037
-1
7334
-1
9993
9276
-1
6610
-1
-1
-1
-1
1262
3269
-1
9803
1483
-1
-1
-1
8916
-1
3459
-1
1276
3533
-1
-1
-1
1729
-1
-1
910
2450
-1
-1
-1
662
-1
80
-1
-1
5061
-1
-1
2360
240
9037
-1
2865
-1
541
-1
7489
-1
-1
-1
-1
6655
212
1149
473
3748
9142
-1
-1
2893
-1
-1
2833
1523
6085
-1
-1
2706
8672
-1
-1
4583
-1
-1
8496
-1
-1
430
8712
-1
1212
1803
-1
-1
628
9073
-1
-1
5162
3416
7028
-1
5899
1848
-1
-1
8719
-1
-1
1914
-1
-1
-1
-1
459
2916
8270
1580
577
-1
-1
-1
-1
2227
2818
1205
-1
-1
9848
-1
6229
-1
8784
-1
4134
-1
-1
-1
8891
-1
-1
9956
-1
8344
-1
-1
-1
-1
6689
1999
-1
-1
8700
-1
6531
-1
2547
-1
-1
-1
-1
884
3489
1259
6208
8240
-1
6476
2768
6400
9852
-1
-1
5798
6544
705
-1
-1
6522
-1
7843
-1
-1
-1
-1
6374
-1
-1
136
-1
9791
7365
-1
1248
9494
6468
-1
-1
6393
-1
-1
4684
-1
3129
7857
1615
164
-1
-1
8876
-1
-1
9143
-1
833
-1
-1
3377
6100
1868
-1
-1
-1
-1
5765
-1
-1
-1
7653
-1
-1
8250
60
2460
248
-1
-1
-1
-1
-1
-1
-1
-1
6160
-1
666
-1
-1
-1
-1
2902
6444
-1
1162
-1
3685
-1
-1
-1
4166
-1
7776
-1
-1
9383
-1
-1
1946
7983
1380
-1
-1
-1
-1
8735
9009
-1
-1
-1
3316
-1
3285
-1
-1
-1
-1
2171
-1
5014
-1
9850
-1
-1
-1
-1
5158
-1
-1
7232
-1
7574
-1
-1
-1
4920
2524
-1
-1
-1
5972
-1
4213
-1
-1
-1
7292
-1
1014
-1
437
318
-1
7987
-1
-1
-1
6219
-1
-1
6408
4163
3375
-1
2847
2749
5495
-1
1602
7541
-1
-1
-1
-1
-1
-1
835
-1
9609
4724
-1
-1
1660
-1
-1
-1
7650
-1
7918
9071
2057
-1
-1
-1
3077
-1
-1
1762
-1
-1
-1
831
6549
-1
-1
8406
6002
7845
-1
1972
-1
-1
2495
6007
870
-1
7160
-1
-1
9789
-1
-1
-1
-1
-1
8655
-1
6716
-1
-1
1786
-1
-1
4775
8399
8408
-1
2237
9222
-1
1085
-1
3886
8467
-1
-1
-1
377
-1
-1
-1
625
-1
-1
-1
-1
9816
-1
6754
9218
-1
-1
7240
-1
950
3500
2366
6338
602
2632
-1
-1
-1
-1
-1
-1
-1
-1
5857
-1
4761
-1
3899
-1
-1
6348
-1
-1
6900
1382
-1
8300
2678
7438
-1
5882
-1
1780
-1
4345
-1
1513
-1
-1
-1
6829
-1
4219
5467
-1
-1
-1
470
-1
-1
9692
6714
-1
-1
8734
9199
-1
-1
1941
4064
1571
-1
9780
-1
2522
-1
-1
4389
1009
9230
-1
6362
-1
7066
8367
-1
-1
-1
-1
-1
6710
156
1929
-1
5807
7248
-1
-1
1184
-1
-1
8758
50
8766
2017
5039
5465
-1
-1
-1
4907
-1
-1
-1
1093
8095
9093
5098
-1
4512
8485
-1
-1
1242
-1
3614
8937
-1
9335
-1
-1
1481
-1
2821
-1
-1
4048
432
-1
-1
-1
1919
-1
9110
-1
-1
-1
3650
5150
7945
4317
2646
5413
-1
2382
-1
3152
4333
-1
8585
5896
7123
-1
-1
604
-1
4836
3734
-1
3959
2116
-1
3566
-1
6868
1835
2732
-1
-1
-1
1303
-1
9135
-1
7445
2727
-1
9964
-1
6950
6718
-1
4842
8575
-1
9505
4878
-1
364
-1
6879
9487
-1
-1
-1
-1
3437
-1
-1
2127
2263
3068
-1
-1
3019
-1
-1
4328
2446
-1
-1
-1
-1
-1
-1
-1
-1
2034
-1
-1
9546
593
9545
9253
-1
-1
-1
-1
-1
-1
-1
7639
9409
-1
-1
3810
6078
7082
-1
535
-1
5405
-1
4459
-1
3413
8204
752
5295
895
7509
8170
-1
1708
-1
-1
3557
-1
-1
-1
-1
-1
-1
1040
-1
9285
-1
-1
4168
2030
2967
-1
8285
-1
-1
-1
6745
868
-1
-1
-1
9405
-1
6730
6260
-1
-1
-1
-1
344
-1
-1
4840
-1
-1
-1
-1
4533
8069
6079
-1
-1
4562
2489
9080
-1
-1
-1
733
-1
7826
9784
-1
6309
-1
-1
968
7313
-1
-1
-1
7634
8609
-1
-1
-1
8674
6919
-1
8013
-1
-1
1124
-1
-1
-1
-1
-1
5257
8202
-1
5581
-1
2994
-1
-1
5449
-1
1186
2945
5507
6895
8794
-1
-1
509
5778
4141
-1
-1
-1
9441
-1
-1
5300
-1
6158
6283
-1
5400
-1
238
4603
-1
5326
-1
9012
8081
3971
4289
3987
-1
-1
-1
6673
-1
2875
6318
-1
1798
-1
-1
-1
-1
-1
-1
1569
-1
9739
-1
-1
-1
8610
5293
-1
-1
-1
2379
-1
-1
-1
6698
-1
-1
-1
8747
-1
-1
-1
-1
4652
-1
-1
8930
6845
-1
-1
-1
5207
-1
9512
9902
-1
-1
-1
-1
-1
6966
4268
-1
-1
2555
7000
-1
7626
4507
8823
-1
-1
-1
7585
-1
4930
5769
7108
-1
-1
-1
-1
5623
3466
-1
8596
6217
7620
-1
4096
-1
8832
4665
-1
5557
7729
-1
-1
7216
-1
-1
-1
-1
-1
-1
-1
-1
2852
2614
9949
-1
8726
5828
5423
-1
-1
1210
-1
2203
553
-1
4273
6263
-1
-1
-1
1772
789
-1
3536
3710
4852
9661
9036
1667
9919
-1
-1
9743
-1
-1
-1
2404
3196
6511
7131
3630
3172
9943
-1
-1
8239
-1
4044
2405
6064
-1
-1
6582
2744
9865
-1
5728
9939
9017
-1
-1
-1
2186
-1
-1
3555
-1
-1
1442
4733
9999
-1
2444
-1
-1
8001
2032
-1
-1
-1
-1
-1
2138
6427
-1
2739
7126
9525
6746
8489
-1
-1
4061
1617
-1
-1
4285
145
-1
-1
2849
-1
778
-1
-1
7212
-1
-1
-1
-1
-1
-1
2290
9113
7422
-1
-1
2361
-1
-1
2094
-1
-1
4322
9502
189
-1
2465
-1
2858
8621
-1
-1
-1
9706
-1
-1
-1
-1
7980
-1
-1
5683
-1
-1
3768
8889
3064
8329
-1
5918
1886
-1
4439
-1
5985
588
3888
-1
658
1233
-1
216
3537
4453
-1
7694
6389
-1
-1
-1
-1
-1
-1
9446
8440
-1
-1
6695
2649
9024
5316
182
-1
8199
-1
-1
7405
-1
-1
3879
836
3393
-1
-1
8214
-1
-1
8749
1187
-1
-1
3132
-1
913
-1
6145
-1
1414
3063
4974
-1
-1
-1
-1
-1
5201
2128
6897
-1
-1
4130
8887
4035
2564
-1
-1
-1
-1
-1
-1
-1
-1
7521
-1
-1
-1
-1
-1
743
-1
-1
1267
3314
9447
4875
1596
2777
4914
-1
-1
-1
-1
-1
-1
-1
6245
-1
-1
-1
7444
-1
3057
251
8547
-1
-1
6470
-1
-1
-1
-1
-1
2690
-1
-1
-1
5575
8130
-1
-1
-1
6965
3348
13
195
-1
-1
1130
1581
-1
8689
-1
-1
-1
9306
-1
9959
-1
3303
-1
-1
920
-1
2701
9838
3049
7485
2114
-1
-1
-1
-1
-1
7888
8805
8843
9676
6567
6814
-1
-1
2558
-1
201
-1
9486
-1
2574
8994
-1
-1
3821
8380
1732
-1
-1
-1
-1
6244
-1
9544
-1
6742
9599
9232
6951
-1
-1
-1
9675
-1
4648
-1
-1
3582
653
9360
8525
-1
3017
-1
-1
3832
-1
-1
-1
-1
-1
-1
3964
-1
-1
-1
-1
-1
-1
2328
9133
-1
-1
-1
1310
4303
4686
-1
7348
1771
7051
6962
-1
8114
-1
1897
-1
7255
-1
-1
-1
-1
2391
5144
-1
-1
-1
4171
7404
-1
-1
-1
5179
1894
4257
5648
5232
-1
-1
7662
-1
3758
-1
-1
7316
8869
-1
5555
4653
3041
-1
404
-1
-1
-1
9152
-1
-1
-1
1331
-1
-1
7965
8665
-1
-1
741
7617
-1
1194
4976
9323
9
-1
-1
-1
2340
-1
7576
9296
3627
5286
3580
-1
4782
2091
-1
324
-1
-1
6073
-1
-1
-1
948
3937
-1
-1
-1
4329
-1
4899
942
8552
-1
6559
2947
-1
1406
565
-1
-1
2629
4409
-1
1521
3223
3512
2165
-1
9488
9793
6412
7241
2331
7951
-1
-1
-1
-1
5345
6877
8157
-1
992
3098
3265
-1
-1
-1
-1
7363
-1
-1
4902
-1
7950
-1
6397
9427
-1
-1
7761
2530
7301
-1
-1
4706
-1
-1
8806
-1
2910
-1
-1
5159
6379
-1
2468
-1
-1
-1
9355
-1
7355
58
585
7185
-1
-1
2572
2007
-1
-1
-1
-1
-1
1389
-1
8200
2218
6386
-1
-1
-1
-1
9482
5875
-1
6869
9734
8542
8282
-1
6112
6772
-1
-1
379
5917
8980
-1
-1
4074
5814
1419
-1
1671
-1
9295
-1
66
-1
5023
-1
-1
7883
843
-1
-1
-1
-1
1133
4973
-1
332
-1
-1
5294
-1
6143
-1
-1
-1
-1
-1
-1
-1
401
-1
-1
-1
-1
2318
-1
-1
-1
3368
8483
5018
9514
-1
-1
-1
3941
3547
-1
-1
1202
5476
3274
-1
-1
-1
-1
955
-1
-1
-1
51
729
9279
2226
274
4845
7525
-1
5070
-1
-1
-1
-1
-1
3524
-1
-1
4466
2917
6355
-1
148
9786
4601
3503
-1
3730
-1
-1
-1
-1
-1
1676
3322
-1
-1
-1
277
-1
-1
-1
9633
4461
4789
8648
9457
-1
1931
-1
3228
8236
9929
2654
962
2550
-1
-1
4227
-1
-1
2487
506
5203
-1
-1
6247
-1
-1
-1
-1
9359
1252
-1
793
-1
7836
-1
8896
3727
1477
-1
2628
-1
3330
-1
-1
4526
3741
-1
-1
6838
1291
1223
-1
5590
4580
-1
-1
8798
7648
9337
-1
2620
-1
2918
7369
6759
-1
-1
-1
-1
-1
2424
-1
3944
8127
-1
-1
-1
-1
-1
-1
-1
9195
-1
-1
-1
5870
9417
7812
7069
-1
9875
1457
-1
-1
-1
-1
770
4818
-1
7440
9400
-1
4033
-1
-1
7411
5031
578
8209
-1
-1
-1
-1
-1
6062
7913
-1
-1
-1
-1
-1
-1
1788
8623
108
-1
3
5816
3600
1638
4762
2194
2908
3428
-1
9776
-1
-1
-1
-1
-1
4938
-1
-1
-1
-1
4819
-1
-1
9884
-1
-1
-1
6479
3634
215
7088
7748
-1
-1
7011
-1
-1
8218
2830
5867
7529
-1
-1
-1
-1
-1
-1
-1
-1
8137
7347
-1
-1
-1
-1
-1
6751
-1
1564
6824
2440
6918
9261
5376
94
-1
-1
9758
7237
-1
4735
1003
6871
-1
-1
776
-1
445
1064
-1
3488
2351
3621
-1
5109
6410
-1
1323
-1
7317
2161
4927
-1
-1
9272
-1
-1
5281
-1
7476
3722
-1
-1
-1
-1
7094
2906
1669
2951
4161
5840
-1
1327
6494
5149
5047
-1
9479
7854
-1
-1
-1
5736
6982
-1
-1
-1
3969
-1
3598
-1
3230
3189
7423
5192
-1
-1
-1
169
2957
3784
-1
-1
1503
5393
9719
-1
-1
-1
-1
-1
5939
260
-1
-1
8024
924
-1
5649
-1
-1
-1
-1
-1
-1
-1
3317
2661
-1
7025
-1
-1
-1
-1
-1
8156
-1
6388
8745
8803
-1
-1
-1
-1
3583
6243
-1
-1
-1
-1
1361
5269
8753
-1
2018
7723
7354
8695
6988
5447
4494
-1
-1
9327
8349
-1
9198
-1
9109
-1
-1
2765
-1
5780
-1
-1
-1
683
-1
-1
-1
2275
8867
8092
-1
-1
-1
4749
-1
-1
7855
5213
-1
9089
9168
9564
2083
-1
933
-1
-1
1944
6767
2244
-1
3733
7022
3505
5139
-1
-1
-1
-1
9631
-1
280
2595
3709
-1
9048
-1
-1
5241
-1
3567
7600
8166
-1
-1
-1
-1
568
-1
-1
-1
-1
-1
-1
-1
-1
-1
4981
5125
8591
4095
-1
-1
4937
6448
4103
-1
3840
6986
3102
-1
-1
-1
1748
141
-1
4490
-1
-1
-1
3766
-1
8987
-1
-1
-1
-1
9695
-1
8466
2736
4677
-1
9577
8698
-1
1181
4850
3666
-1
3907
-1
5604
2027
963
-1
-1
747
3237
-1
-1
-1
-1
-1
9550
3139
-1
-1
-1
7502
591
-1
3093
3905
-1
-1
2073
-1
-1
-1
2119
5813
2296
-1
5135
4200
1311
-1
9885
8381
4565
-1
-1
-1
-1
-1
9469
5836
-1
4520
6482
5205
8437
-1
-1
-1
-1
-1
6037
285
2095
5543
1473
-1
-1
-1
8827
5462
2026
7187
408
-1
-1
6411
-1
-1
3719
8334
-1
7838
-1
8400
6669
241
-1
9591
-1
-1
-1
-1
4038
-1
-1
-1
5546
-1
-1
3395
807
-1
9419
5910
1529
46
-1
-1
-1
-1
2591
-1
5644
-1
9984
-1
-1
-1
-1
-1
2720
-1
-1
-1
-1
-1
4460
3087
-1
-1
-1
-1
4217
6203
8642
-1
-1
-1
4456
-1
-1
5048
7830
9646
-1
8691
9434
5554
69
-1
3635
6928
8641
6433
-1
7064
-1
894
-1
6472
6598
-1
-1
5426
-1
3288
9804
-1
4232
-1
-1
8899
936
-1
-1
-1
-1
-1
-1
2562
765
-1
-1
-1
-1
2033
9668
-1
6324
-1
-1
-1
-1
2975
-1
-1
-1
-1
6557
-1
-1
-1
3350
-1
5078
3998
9891
-1
-1
1566
-1
-1
8235
-1
5631
-1
2272
-1
4016
-1
-1
-1
-1
8924
-1
-1
-1
8221
-1
-1
-1
8352
6256
572
-1
-1
2426
-1
-1
-1
-1
-1
-1
-1
2503
-1
-1
8290
-1
3843
6422
5639
-1
5515
-1
-1
-1
-1
-1
-1
-1
8371
8737
-1
-1
1824
-1
-1
7418
-1
1663
-1
8960
-1
-1
9997
9653
-1
2118
1058
2612
-1
-1
2838
-1
4358
-1
5832
-1
5892
-1
7612
4675
6666
-1
3496
-1
-1
6554
9468
9361
-1
4424
3325
-1
6159
8443
9835
4090
-1
-1
-1
-1
-1
-1
3623
-1
8323
-1
6939
3487
-1
6594
-1
-1
-1
-1
-1
-1
1395
4028
-1
-1
2326
3609
5184
9922
-1
9402
-1
-1
-1
5464
-1
-1
-1
-1
-1
-1
-1
1236
-1
944
7269
-1
3761
8523
-1
-1
-1
1099
7992
6883
-1
3254
7469
5634
-1
1579
-1
4673
-1
-1
-1
5475
-1
3290
1719
-1
-1
2362
2653
7547
4160
-1
-1
9696
8769
3648
5957
-1
-1
8914
4929
7655
8657
9200
7516
9802
-1
-1
6539
8811
8305
4248
8350
4730
5416
6975
2469
-1
2896
624
2643
6973
-1
-1
1279
7075
4569
2803
1348
1595
8283
6911
781
3725
-1
-1
8088
-1
-1
1639
9864
4419
-1
6617
-1
1230
-1
-1
-1
7589
-1
1111
8611
-1
-1
4425
5063
-1
-1
-1
-1
3319
7385
4185
-1
6841
-1
5222
2869
7490
9831
1795
6199
-1
-1
7193
7841
-1
-1
575
6537
-1
7114
-1
4635
389
8141
-1
2019
2927
5094
9367
4746
-1
8529
9987
2694
8713
-1
2976
1734
3504
3808
-1
-1
8644
4579
3349
-1
-1
-1
8817
-1
6186
7266
4430
4405
2390
-1
-1
-1
1506
-1
8030
-1
-1
1942
-1
9735
3059
6694
-1
-1
-1
6953
7318
1572
5619
-1
5056
503
-1
-1
8102
-1
-1
4740
-1
-1
6055
-1
1764
8774
-1
7563
6909
4799
1601
2757
3081
9822
-1
2456
-1
-1
4197
-1
7135
-1
5083
-1
6927
-1
-1
7619
-1
6115
-1
5801
3463
-1
6601
-1
6204
-1
-1
-1
-1
-1
7162
-1
-1
-1
-1
5494
-1
-1
9013
7371
-1
-1
1874
9283
-1
1799
1390
1902
3281
9900
-1
-1
1357
3984
-1
3467
-1
-1
7607
-1
-1
1535
5306
-1
-1
-1
-1
-1
5621
-1
-1
-1
0
-1
-1
-1
-1
2140
3543
7718
-1
6796
2745
-1
3117
2200
-1
6117
9751
8829
6801
6249
-1
-1
-1
3216
-1
5959
-1
7495
6139
-1
-1
5324
270
-1
2952
-1
3698
-1
-1
4560
1741
-1
-1
2005
6622
2321
-1
217
-1
7806
-1
-1
4224
-1
-1
96
8866
-1
1298
-1
4912
718
6069
5584
-1
472
4092
-1
4829
-1
-1
8086
9604
-1
8584
-1
-1
-1
-1
-1
-1
-1
5460
8174
5045
-1
-1
-1
-1
1176
-1
-1
-1
-1
9148
-1
7745
2103
4534
-1
9008
-1
9458
-1
-1
-1
2152
-1
4233
-1
-1
-1
4705
4212
8441
-1
6156
4493
7944
-1
3871
-1
463
-1
5821
-1
3585
-1
-1
2419
-1
-1
5950
7021
-1
9516
6998
-1
-1
-1
5898
-1
-1
4804
1855
3100
586
9613
-1
7865
7140
-1
-1
-1
-1
7621
5537
2036
-1
-1
3013
2775
-1
6844
8847
3770
9176
-1
-1
1519
-1
1265
-1
-1
4059
2594
-1
3607
8363
8128
1347
1032
2494
-1
-1
-1
1018
-1
7229
-1
-1
3885
-1
-1
1703
214
9990
74
-1
-1
7097
7952
9874
-1
-1
9481
-1
3595
-1
-1
-1
-1
-1
9635
-1
3602
-1
6313
-1
-1
-1
1691
9092
2610
-1
3675
4398
-1
-1
-1
-1
891
7119
-1
2797
4623
-1
-1
-1
-1
-1
-1
3113
6418
7299
-1
5496
5602
7415
-1
9416
3777
-1
-1
-1
-1
1891
-1
7696
-1
-1
-1
8303
1840
-1
4383
-1
-1
6242
7002
583
8356
934
-1
8883
8557
9689
56
1087
6439
-1
-1
137
-1
1079
1197
-1
6550
6750
-1
-1
2534
-1
6298
-1
-1
-1
8310
-1
173
-1
7632
-1
-1
1077
-1
-1
-1
-1
3455
538
-1
4816
9435
-1
-1
-1
-1
3928
6231
3440
-1
6162
2070
9125
9455
5040
-1
-1
961
-1
-1
-1
9352
-1
-1
1061
-1
-1
-1
-1
-1
-1
-1
-1
-1
5752
8411
5810
5698
-1
-1
-1
8845
1790
-1
-1
8912
3430
-1
-1
-1
1888
7889
3961
9153
-1
9951
-1
-1
2455
5991
87
2452
9694
-1
-1
352
3195
-1
-1
-1
49
1183
-1
4680
-1
-1
-1
-1
2603
-1
-1
2759
-1
-1
6227
5510
-1
5915
-1
-1
1337
-1
-1
-1
762
-1
1300
-1
4755
8213
-1
-1
-1
5183
-1
6630
2939
3423
-1
198
-1
9448
-1
6663
113
-1
-1
-1
8231
7320
8389
-1
-1
9354
-1
526
-1
650
2078
484
7450
6885
-1
1641
-1
3558
1333
-1
-1
2750
8379
7715
1443
3659
-1
-1
4223
-1
-1
-1
2230
7460
1453
576
9465
7990
-1
-1
9274
3772
7517
8006
1862
8062
-1
-1
6045
-1
-1
6807
4547
309
8863
-1
-1
-1
-1
9178
8144
-1
3550
8040
-1
-1
32
-1
-1
1984
5612
-1
8169
-1
3479
2824
5593
-1
5284
-1
-1
5414
-1
-1
-1
8131
-1
2131
-1
-1
-1
2302
-1
-1
-1
-1
-1
9472
8775
780
-1
8090
4390
-1
-1
-1
8615
7203
9385
-1
-1
7113
9666
-1
-1
-1
5199
8908
-1
-1
-1
-1
9760
-1
1628
-1
2552
-1
-1
2606
626
-1
-1
6831
-1
-1
-1
-1
-1
2248
2642
641
7309
9186
6430
6562
5812
168
1394
8185
7631
-1
-1
7468
5654
-1
-1
-1
2224
-1
5147
-1
-1
1814
2516
3298
-1
-1
-1
9489
-1
-1
-1
-1
-1
1336
-1
-1
-1
-1
-1
7561
6315
8207
-1
5968
-1
-1
7533
5253
-1
-1
-1
5463
-1
2987
7442
-1
439
4633
-1
-1
1584
-1
4438
-1
-1
323
-1
-1
-1
-1
-1
5364
1031
-1
-1
5012
-1
-1
-1
7751
-1
-1
-1
-1
8286
-1
-1
3717
7344
-1
5390
1838
1870
1659
4452
-1
1155
3982
-1
1246
6075
-1
-1
-1
9892
2617
1253
7587
-1
-1
4196
-1
5718
9384
971
4514
-1
536
4854
-1
5849
-1
6224
8535
-1
-1
3508
4408
6785
813
-1
8894
-1
8146
6382
-1
-1
-1
3027
3394
482
1908
-1
4032
2783
-1
8709
9924
-1
-1
-1
-1
-1
2586
-1
190
9805
1283
6417
6142
-1
-1
333
883
4568
-1
-1
3434
-1
8267
-1
-1
268
-1
-1
7453
-1
-1
-1
5519
-1
-1
1249
3016
-1
-1
6938
-1
2507
-1
7223
-1
-1
6059
-1
-1
-1
9937
1866
6656
-1
7337
-1
6463
1950
-1
-1
-1
508
-1
-1
-1
6997
-1
-1
-1
5228
6192
-1
-1
2132
8431
8671
9584
-1
-1
1158
6371
7896
-1
-1
61
3629
9648
-1
-1
406
-1
5079
-1
4667
129
3162
-1
-1
5466
-1
2090
-1
-1
-1
461
-1
-1
4770
1492
3645
-1
-1
-1
-1
4963
-1
-1
-1
-1
6286
-1
-1
3023
-1
-1
-1
-1
8484
1996
-1
-1
-1
2324
1349
7147
-1
-1
2486
-1
-1
6870
-1
-1
-1
-1
-1
-1
-1
3134
1374
-1
-1
8284
7906
8149
-1
-1
5691
634
5350
4582
2158
-1
3454
-1
-1
8903
-1
-1
8037
-1
-1
3345
9082
-1
-1
-1
5627
6943
-1
7258
-1
2728
-1
-1
5178
4528
-1
7697
1783
6383
8003
3035
-1
-1
-1
-1
-1
-1
2931
9303
-1
-1
8526
9099
2377
9332
-1
-1
-1
8147
2778
-1
-1
-1
-1
3624
-1
-1
5425
1687
-1
7191
7773
-1
7179
7635
2566
8589
1055
3704
-1
2923
-1
-1
-1
-1
7725
-1
8482
-1
6492
-1
-1
-1
-1
1753
6560
191
-1
-1
9398
5853
7145
-1
-1
-1
-1
-1
-1
9410
7247
-1
-1
-1
-1
-1
7213
6163
6763
4030
-1
3534
1104
-1
6769
-1
-1
-1
4309
1522
3359
-1
5743
-1
-1
-1
4726
-1
-1
9239
-1
6345
-1
-1
4772
-1
-1
3865
7481
3990
-1
-1
-1
-1
3816
1726
2536
386
1939
2327
2149
1229
6659
9428
-1
8882
-1
-1
7864
-1
3751
